0	0	-139.25	-705.05	(0.00000, 0.03747, 0.00000, 0.99930)
0	31	-139.25	-705.05	(0.00000, 0.03747, 0.00000, 0.99930)
0	61	-171.75	-714.21	(0.00222, 0.33462, 0.01063, 0.94229)
0	91	-172.83	-713.46	(-0.03618, 0.41309, 0.05796, 0.90812)
0	122	-174.42	-713.62	(-0.03007, 0.25360, 0.06246, 0.96482)
0	151	-174.79	-714.43	(-0.03109, 0.10247, 0.06413, 0.99218)
0	181	-174.49	-714.78	(-0.01906, 0.01909, 0.05329, 0.99821)
0	211	-172.13	-664.70	(-0.01868, 0.03385, 0.04519, 0.99823)
0	240	-171.33	-664.93	(-0.05548, 0.08543, 0.03603, 0.99415)
0	272	-171.00	-666.18	(-0.13656, 0.10530, 0.04516, 0.98398)
0	300	-171.24	-667.67	(-0.14978, 0.09687, 0.05077, 0.98265)
0	331	-171.68	-668.92	(-0.14123, 0.10168, 0.04907, 0.98352)
0	360	-171.75	-668.83	(-0.10016, 0.09795, 0.04753, 0.98900)
0	391	-171.49	-668.31	(-0.09885, 0.09421, 0.04668, 0.98953)
0	421	-171.15	-667.95	(-0.08931, 0.09214, 0.03968, 0.99094)
0	451	-171.01	-668.08	(-0.08696, 0.09110, 0.03532, 0.99141)
0	481	-170.56	-668.43	(-0.08668, 0.11501, 0.01540, 0.98946)
0	511	-169.77	-668.94	(-0.07567, 0.16845, -0.05167, 0.98144)
0	540	-169.40	-669.18	(-0.07326, 0.19774, -0.06362, 0.97544)
0	571	-169.61	-668.88	(-0.07118, 0.18739, -0.04879, 0.97849)
0	601	-170.67	-668.30	(-0.07607, 0.14307, 0.01446, 0.98668)
0	631	-173.19	-667.38	(-0.07152, 0.02752, 0.10376, 0.99165)
0	660	-173.84	-666.72	(-0.05575, 0.00844, 0.12021, 0.99115)
0	692	-172.82	-666.67	(-0.05352, 0.05122, 0.08869, 0.99330)
0	721	-171.77	-667.03	(-0.05222, 0.08130, 0.06002, 0.99351)
0	751	-171.27	-667.43	(-0.02122, 0.09631, 0.03215, 0.99461)
0	781	-171.16	-667.66	(-0.01905, 0.11446, 0.02436, 0.99295)
0	811	-170.87	-667.73	(-0.01479, 0.13294, 0.01695, 0.99087)
0	840	-171.08	-667.68	(-0.02505, 0.10773, 0.02439, 0.99357)
0	871	-171.41	-667.37	(-0.01137, 0.09375, 0.03257, 0.99500)
0	901	-172.17	-666.99	(-0.04862, 0.02892, 0.07338, 0.99570)
0	931	-169.81	-617.45	(-0.06883, 0.05566, 0.05119, 0.99476)
0	961	-169.80	-617.26	(-0.05922, 0.07856, 0.04807, 0.99399)
0	992	-169.17	-617.32	(-0.06649, 0.12709, 0.03486, 0.98905)
0	1021	-156.13	-569.22	(-0.03204, 0.11751, 0.02707, 0.99218)
0	1051	-156.29	-568.70	(-0.00008, 0.08763, 0.02827, 0.99575)
0	1081	-151.66	-518.49	(0.03570, 0.04915, 0.03440, 0.99756)
0	1111	-151.45	-518.46	(0.05195, 0.08177, 0.02601, 0.99496)
0	1142	-136.22	-471.19	(0.03455, 0.16349, 0.00611, 0.98592)
0	1171	-137.01	-472.02	(0.05970, 0.11957, -0.00830, 0.99100)
0	1200	-136.47	-473.59	(-0.00515, 0.10318, 0.00009, 0.99465)
0	1230	-137.20	-473.31	(-0.02672, 0.07116, 0.02130, 0.99688)
0	1260	-136.94	-472.49	(-0.02618, 0.04793, 0.03428, 0.99792)
0	1291	-131.95	-421.22	(-0.02414, 0.07237, 0.02870, 0.99667)
0	1321	-131.82	-420.66	(-0.01016, 0.09912, 0.02211, 0.99478)
0	1351	-102.33	-380.16	(-0.06548, 0.28401, -0.00526, 0.95657)
0	1381	-102.60	-379.55	(-0.05085, 0.25122, 0.00658, 0.96657)
0	1410	-90.67	-331.36	(-0.00678, 0.05254, 0.03593, 0.99795)
0	1442	-93.25	-331.65	(0.01858, -0.18120, 0.05954, 0.98147)
0	1471	-93.74	-331.65	(-0.00164, -0.20413, 0.04903, 0.97772)
0	1501	-92.76	-281.90	(-0.02593, -0.00430, 0.03738, 0.99896)
0	1530	-91.50	-282.67	(-0.04174, 0.14042, 0.04573, 0.98815)
0	1560	-65.93	-240.30	(-0.04381, 0.22780, 0.05051, 0.97141)
0	1590	-66.00	-240.24	(-0.03411, 0.24233, 0.06040, 0.96771)
0	1621	-42.31	-196.72	(-0.05303, 0.23792, 0.05483, 0.96829)
0	1652	-42.80	-196.89	(-0.07332, 0.19897, 0.05693, 0.97560)
0	1681	-39.03	-147.42	(-0.04768, -0.09134, 0.06511, 0.99254)
0	1711	-41.22	-147.43	(-0.04241, -0.25793, 0.08790, 0.96122)
0	1742	-42.24	-147.49	(-0.03432, -0.35038, 0.09672, 0.93097)
0	1770	-77.03	-111.51	(-0.03555, -0.35933, 0.08352, 0.92879)
0	1802	-73.24	-111.44	(-0.03165, 0.10147, 0.03669, 0.99366)
0	1831	-71.97	-112.43	(-0.02208, 0.29927, 0.00775, 0.95388)
0	1861	-72.63	-111.73	(-0.02307, 0.08705, 0.01207, 0.99586)
0	1892	-75.50	-112.45	(-0.02505, -0.36722, 0.04209, 0.92884)
0	1921	-75.52	-113.60	(-0.02764, -0.39383, 0.07726, 0.91551)
0	1951	-75.39	-114.54	(-0.03451, -0.40160, 0.11654, 0.90771)
0	1981	-73.20	-112.54	(-0.03737, -0.18882, 0.05517, 0.97975)
0	2011	-71.01	-111.88	(-0.04675, 0.33581, -0.02124, 0.94053)
0	2042	-44.99	-69.04	(-0.03947, 0.28058, 0.04054, 0.95816)
0	2071	-41.96	-69.92	(-0.05524, 0.30515, -0.04242, 0.94976)
0	2102	-10.23	-31.14	(-0.06202, 0.31920, -0.03904, 0.94485)
0	2130	-10.47	-31.31	(-0.06642, 0.33119, -0.03160, 0.94069)
0	2161	-10.18	-32.22	(-0.05656, 0.47941, -0.00177, 0.87576)
0	2191	31.76	-6.56	(-0.03917, 0.48213, 0.01596, 0.87508)
0	2221	30.41	-5.91	(-0.00894, 0.38554, 0.02805, 0.92222)
0	2251	61.89	32.49	(-0.00771, 0.31948, 0.05281, 0.94609)
0	2280	61.20	33.01	(-0.00233, 0.21168, 0.06321, 0.97529)
0	2310	78.64	79.85	(-0.00569, 0.16464, 0.06350, 0.98429)
0	2342	79.01	79.52	(-0.02098, 0.18142, 0.04897, 0.98196)
0	2371	100.44	124.34	(-0.05640, 0.38389, -0.00472, 0.92164)
0	2401	138.10	157.59	(-0.03162, 0.40288, 0.01500, 0.91458)
0	2431	137.77	158.29	(-0.01286, 0.37790, 0.04335, 0.92474)
0	2461	162.40	201.92	(0.00792, 0.17453, 0.07876, 0.98146)
0	2490	161.10	202.23	(0.01162, 0.07006, 0.08402, 0.99393)
0	2520	167.07	251.69	(0.01306, 0.05118, 0.08249, 0.99519)
0	2551	163.48	301.43	(-0.03713, -0.03444, 0.08122, 0.99541)
0	2581	163.59	301.30	(-0.03753, -0.04653, 0.06117, 0.99634)
0	2611	173.36	350.41	(-0.01938, 0.19276, 0.02024, 0.98085)
0	2641	173.78	350.43	(-0.01993, 0.28078, 0.03620, 0.95888)
0	2670	172.94	350.69	(-0.00946, 0.27292, 0.05455, 0.96044)
0	2700	197.23	393.86	(-0.00934, 0.19976, 0.08323, 0.97626)
0	2730	215.95	439.59	(-0.02933, 0.18078, 0.07975, 0.97985)
0	2760	215.48	439.68	(-0.03258, 0.07736, 0.07606, 0.99356)
0	2792	197.46	487.02	(-0.02919, -0.23438, 0.08822, 0.96769)
0	2821	196.43	486.47	(-0.03105, -0.39213, 0.08526, 0.91542)
0	2851	196.65	486.60	(-0.01975, -0.40687, 0.07103, 0.91051)
0	2881	166.01	524.42	(0.02295, 0.10512, 0.04977, 0.99295)
0	2911	195.82	564.65	(0.00768, 0.31016, 0.05795, 0.94888)
0	2940	196.08	564.61	(0.01410, 0.37403, 0.06863, 0.92477)
0	2971	233.07	597.85	(-0.02228, 0.43811, 0.09759, 0.89333)
0	3001	231.88	598.83	(0.01303, 0.38758, 0.14465, 0.91032)
0	3031	267.26	634.21	(0.03506, 0.39529, 0.13121, 0.90846)
0	3061	266.37	634.69	(0.04940, 0.32892, 0.16444, 0.92862)
0	3090	296.55	673.55	(0.02513, 0.31587, 0.16910, 0.93327)
0	3121	298.46	671.11	(-0.05967, 0.49341, 0.10731, 0.86109)
0	3151	299.33	670.77	(-0.04157, 0.50468, 0.09091, 0.85750)
0	3181	299.24	670.70	(-0.03389, 0.48785, 0.08342, 0.86827)
0	3211	298.86	671.32	(0.01667, 0.48467, 0.08099, 0.87078)
0	3241	299.07	671.46	(0.01767, 0.47429, 0.07593, 0.87691)
0	3271	299.18	671.42	(0.01132, 0.47439, 0.07810, 0.87677)
0	3301	299.07	671.40	(0.00620, 0.47340, 0.08375, 0.87683)
0	3331	299.14	671.54	(0.01476, 0.46783, 0.08639, 0.87946)
0	3361	299.40	671.48	(0.01754, 0.47596, 0.08325, 0.87534)
0	3391	299.55	671.45	(0.01753, 0.47514, 0.08402, 0.87571)
0	3421	298.78	671.95	(0.02853, 0.16096, 0.05981, 0.98473)
0	3452	296.17	670.57	(-0.01022, -0.43329, 0.04218, 0.90021)
0	3481	296.61	668.20	(-0.03518, -0.69586, 0.02959, 0.71670)
0	3511	297.79	667.52	(-0.04310, -0.71272, 0.03196, 0.69939)
0	3541	297.93	667.45	(-0.03526, -0.69308, 0.03724, 0.71903)
0	3570	297.37	667.15	(-0.04103, -0.68590, 0.03471, 0.72571)
0	3602	296.93	666.98	(-0.03308, -0.68898, 0.04259, 0.72277)
0	3631	296.68	667.10	(-0.03258, -0.68899, 0.03537, 0.72317)
0	3661	296.76	667.21	(-0.03057, -0.67173, 0.03545, 0.73932)
0	3691	297.04	667.12	(-0.03569, -0.66262, 0.03907, 0.74709)
0	3721	297.20	667.30	(-0.03820, -0.66317, 0.03319, 0.74676)
0	3752	297.46	667.77	(-0.03561, -0.60096, 0.03564, 0.79769)
0	3781	297.40	667.63	(-0.06698, -0.59528, 0.03275, 0.80005)
0	3811	297.52	667.82	(-0.06778, -0.60620, 0.02957, 0.79187)
0	3841	297.52	667.86	(-0.09024, -0.62940, 0.01824, 0.77161)
0	3870	297.13	668.20	(-0.07689, -0.64020, 0.02231, 0.76403)
0	3902	297.00	668.83	(-0.06956, -0.60252, 0.01884, 0.79484)
0	3930	299.63	671.35	(-0.00668, 0.07728, 0.02454, 0.99669)
0	3960	300.61	671.20	(-0.00900, 0.42988, 0.04649, 0.90164)
0	3990	300.27	672.10	(-0.01444, 0.46377, 0.07217, 0.88289)
0	4021	300.68	671.34	(-0.05079, 0.44213, 0.05272, 0.89396)
0	4050	301.06	671.27	(-0.00700, 0.42273, 0.05868, 0.90432)
0	4080	301.36	670.97	(0.04240, 0.39881, 0.02182, 0.91580)
0	4110	301.24	670.45	(-0.00444, 0.37266, 0.05283, 0.92645)
0	4140	299.06	671.12	(0.01732, -0.00638, 0.08839, 0.99591)
0	4171	298.25	671.11	(0.01226, -0.12589, 0.09701, 0.98721)
0	4201	297.04	670.61	(-0.03486, -0.29229, 0.09164, 0.95129)
0	4231	296.88	670.22	(-0.04136, -0.27607, 0.09950, 0.95508)
0	4260	298.98	670.58	(-0.01468, 0.04615, 0.06783, 0.99652)
0	4291	300.33	670.16	(-0.02816, 0.28604, 0.04238, 0.95687)
0	4320	300.56	670.42	(-0.03181, 0.37611, 0.05982, 0.92409)
0	4350	298.89	671.57	(0.00815, -0.22643, 0.07896, 0.97079)
0	4381	299.61	666.60	(0.00195, -0.80369, 0.03127, 0.59423)
0	4411	302.97	663.10	(-0.10013, -0.97580, 0.01953, 0.19340)
0	4441	303.44	662.88	(-0.10250, -0.98109, 0.03867, 0.15954)
0	4470	303.84	662.93	(-0.13110, -0.97717, 0.05111, 0.15916)
0	4500	303.49	663.49	(-0.12039, -0.97526, 0.05666, 0.17652)
0	4531	301.65	664.91	(-0.11431, -0.90979, 0.04369, 0.39663)
0	4561	300.12	668.07	(-0.11307, -0.46284, 0.01944, 0.87898)
0	4591	301.36	668.43	(-0.05993, 0.26220, -0.01050, 0.96309)
0	4620	300.26	668.16	(-0.00572, 0.46212, 0.03926, 0.88593)
0	4652	299.26	669.06	(-0.02900, 0.45524, 0.10236, 0.88399)
0	4680	298.80	670.31	(-0.00611, 0.32881, 0.12198, 0.93646)
0	4710	300.27	670.45	(-0.06919, 0.38598, 0.08414, 0.91605)
0	4740	301.22	670.47	(-0.08474, 0.43856, 0.07485, 0.89156)
0	4770	301.55	670.17	(-0.08492, 0.46695, 0.06373, 0.87789)
0	4800	301.25	669.97	(-0.09662, 0.46921, 0.06351, 0.87548)
0	4831	299.89	671.31	(-0.09032, 0.45338, 0.10030, 0.88104)
0	4860	299.45	671.66	(-0.07575, 0.44213, 0.09677, 0.88849)
0	4890	300.07	671.63	(-0.05225, 0.44090, 0.07205, 0.89313)
0	4921	300.38	671.58	(-0.05273, 0.43836, 0.06970, 0.89454)
0	4950	300.43	671.43	(-0.04505, 0.43499, 0.06792, 0.89674)
0	4981	300.15	671.46	(-0.02841, 0.41488, 0.06091, 0.90739)
0	5010	299.12	672.05	(0.00641, 0.24555, 0.05660, 0.96771)
0	5041	297.49	671.94	(-0.00981, -0.09239, 0.04895, 0.99447)
0	5070	295.52	670.64	(-0.02205, -0.35395, 0.06225, 0.93293)
0	5101	253.92	699.21	(-0.01941, -0.47009, 0.07557, 0.87916)
0	5130	253.48	699.68	(-0.03316, -0.41576, 0.07096, 0.90610)
0	5160	217.06	733.56	(-0.07031, -0.32605, 0.04769, 0.94153)
0	5191	217.07	733.17	(-0.07433, -0.31440, 0.04909, 0.94510)
0	5220	186.86	772.60	(-0.07093, -0.31252, 0.06003, 0.94535)
0	5250	161.28	815.53	(-0.05452, -0.26571, 0.06147, 0.96054)
0	5281	161.62	816.09	(-0.05090, -0.15899, 0.06792, 0.98362)
0	5310	169.44	866.38	(-0.03679, 0.22428, 0.07702, 0.97078)
0	5341	171.21	865.40	(-0.00459, 0.49141, 0.07190, 0.86795)
0	5371	172.31	864.30	(-0.00012, 0.64877, 0.03975, 0.75994)
0	5402	223.36	866.68	(0.00810, 0.69250, 0.04015, 0.72026)
0	5431	223.80	864.79	(0.00114, 0.77722, 0.02351, 0.62879)
0	5460	272.20	852.61	(-0.00699, 0.78393, 0.02370, 0.62036)
0	5491	271.97	853.51	(0.00696, 0.75020, 0.03398, 0.66031)
0	5521	321.52	849.75	(0.01317, 0.70907, 0.05233, 0.70307)
0	5550	371.44	850.30	(0.01539, 0.70493, 0.05532, 0.70695)
0	5580	371.07	850.17	(-0.00108, 0.70851, 0.06711, 0.70250)
0	5611	370.59	850.46	(-0.02159, 0.69165, 0.09363, 0.71581)
0	5641	370.55	850.44	(-0.02034, 0.67475, 0.07877, 0.73354)
0	5671	420.37	855.80	(0.02119, 0.66975, 0.03620, 0.74140)
0	5700	420.83	855.82	(0.10890, 0.66441, -0.02138, 0.73909)
0	5731	469.64	861.67	(0.10538, 0.65610, -0.01705, 0.74709)
0	5761	469.51	861.91	(0.09906, 0.65384, 0.00479, 0.75011)
0	5790	518.61	868.79	(0.04806, 0.66520, 0.01459, 0.74498)
0	5821	518.44	867.85	(-0.00031, 0.73372, 0.05270, 0.67741)
0	5850	567.61	862.09	(0.00457, 0.75531, 0.05272, 0.65322)
0	5880	567.19	863.14	(0.02592, 0.71848, 0.05860, 0.69259)
0	5910	615.48	876.95	(0.05451, 0.52019, 0.03307, 0.85166)
0	5940	615.78	877.51	(0.07764, 0.45300, 0.02651, 0.88773)
0	5970	617.07	875.73	(0.09226, 0.62388, -0.00544, 0.77604)
0	6000	617.39	873.38	(0.03834, 0.81765, 0.00750, 0.57438)
